

[ 0.0039 0.0058 0.0077 0.0091 0.0096 0.0091 0.0077 0.0058 0.0039 ]
[ 0.0058 0.0086 0.0114 0.0135 0.0142 0.0135 0.0114 0.0086 0.0058 ]
[ 0.0077 0.0114 0.015  0.0178 0.0188 0.0178 0.015  0.0114 0.0077 ]
[ 0.0091 0.0135 0.0178 0.021  0.0222 0.021  0.0178 0.0135 0.0091 ]
[ 0.0096 0.0142 0.0188 0.0222 0.0235 0.0222 0.0188 0.0142 0.0096 ]
[ 0.0091 0.0135 0.0178 0.021  0.0222 0.021  0.0178 0.0135 0.0091 ]
[ 0.0077 0.0114 0.015  0.0178 0.0188 0.0178 0.015  0.0114 0.0077 ]
[ 0.0058 0.0086 0.0114 0.0135 0.0142 0.0135 0.0114 0.0086 0.0058 ]
[ 0.0039 0.0058 0.0077 0.0091 0.0096 0.0091 0.0077 0.0058 0.0039 ]

